NAME    :   
COMMENT :   "Generated on Sep 2 2024"
DIMENSION   :   17
START   : 0 0
GOAL    : 10000 10000
NODE_COORD_SECTION
1   782.69      3810.44
2   477.31      5307.46
3   2170.75     5535.82
4   1060.30     7235.82
5   7889.58     2491.04
6   7834.06     3556.71
7   9277.64     3302.98
8   9166.60     1704.47
9   9638.54     7591.04
10  8666.90     6626.86
11  10360.33    6271.64
12  4197.33     7641.79
13  3531.05     9265.67
14  4419.42     10102.98
15  5474.35     8428.35
16  4000        2000
17  8000        10000